"code_dpt"	"lib_dpt"	"Joly"	"LePen"	"Sarkozy"	"Melenchon"	"Poutou"	"Arthaud"	"DupontAignan"	"Bayrou"	"Cheminade"	"Hollande"
"1"	"01"	"AIN"	2.26	20.71	30.41	9.61	1.03	0.56	2.24	10.16	0.27	22.75
"2"	"02"	"AISNE"	1.16	26.33	24.2	10.19	1.3	0.84	1.96	6.68	0.25	27.1
"3"	"03"	"ALLIER"	1.57	18.32	24.02	13.58	1.25	0.72	1.98	8.65	0.22	29.68
"4"	"04"	"ALPES DE HAUTE PROVENCE"	2.91	20.71	25.47	15.15	1.38	0.48	1.83	7.42	0.28	24.36
"5"	"05"	"HAUTES ALPES"	3.63	17.7	26.11	14.03	1.33	0.56	2.05	9.86	0.24	24.49
"6"	"06"	"ALPES MARITIMES"	2.15	23.5	37.19	8.49	0.69	0.27	1.59	6.69	0.21	19.21
"7"	"07"	"ARDECHE"	2.8	20.04	23.76	14.07	1.37	0.63	1.94	9.15	0.26	25.98
"8"	"08"	"ARDENNES"	1.22	24.5	24.43	9.28	1.29	0.77	1.81	7.52	0.24	28.93
"9"	"09"	"ARIEGE"	2.85	16.79	18.72	16.86	1.45	0.55	1.51	6.67	0.23	34.36
"10"	"10"	"AUBE"	1.41	25.12	30.33	7.93	1.01	0.61	2.17	8.37	0.25	22.79
"11"	"11"	"AUDE"	2.09	23.22	21.63	13.15	1.26	0.52	1.47	6.04	0.21	30.41
"12"	"12"	"AVEYRON"	2.34	14.1	25.51	12.26	1.33	0.53	1.7	12.55	0.24	29.44
"13"	"13"	"BOUCHES DU RHONE"	2.11	23.38	27.5	13.43	0.8	0.35	1.35	6.35	0.22	24.51
"14"	"14"	"CALVADOS"	2.13	16.22	27.34	10.56	1.34	0.66	2.05	10.1	0.25	29.34
"15"	"15"	"CANTAL"	1.56	15.12	28.61	8.98	1.24	0.6	1.66	11.16	0.24	30.84
"16"	"16"	"CHARENTE"	1.83	17.72	23.06	11.32	1.47	0.7	2.04	8.81	0.25	32.79
"17"	"17"	"CHARENTE MARITIME"	2.21	17.45	28.1	10.38	1.42	0.57	2.09	9.08	0.23	28.47
"18"	"18"	"CHER"	1.58	19.73	24.96	13.81	1.22	0.76	2.11	8.84	0.24	26.76
"19"	"19"	"CORREZE"	1.38	13.31	21.59	10.55	1.01	0.42	1.65	6.93	0.18	42.97
"20"	"2A"	"CORSE SUD"	2.23	25.71	31.83	9.69	1.18	0.3	1.07	5.48	0.22	22.29
"21"	"2B"	"HAUTE CORSE"	2.33	23.26	31.06	9.99	1.16	0.33	1.07	4.6	0.2	25.99
"22"	"21"	"COTE DOR"	2.1	18.84	28.57	9.51	1.06	0.56	1.95	9.37	0.24	27.79
"23"	"22"	"COTES DARMOR"	2.78	13.58	23.86	12.2	1.33	0.67	1.71	10.6	0.24	33.02
"24"	"23"	"CREUSE"	1.76	16.27	22.23	13.01	1.49	0.72	1.93	8.33	0.25	34.02
"25"	"24"	"DORDOGNE"	2.13	17.01	22.93	13.71	1.37	0.57	1.87	8.07	0.24	32.09
"26"	"25"	"DOUBS"	2.35	19.19	28.49	10.96	1.18	0.65	1.84	8.8	0.26	26.28
"27"	"26"	"DROME"	2.87	20.96	26.12	12.1	1.11	0.71	1.94	8.88	0.26	25.05
"28"	"27"	"EURE"	1.66	22.75	27.78	10.34	1.37	0.65	2.11	8.41	0.27	24.65
"29"	"28"	"EURE ET LOIR"	1.6	20.72	29.39	8.96	1.22	0.67	2.24	9.22	0.26	25.71
"30"	"29"	"FINISTERE"	2.95	11.98	24.46	11.52	1.48	0.6	1.78	11.27	0.27	33.7
"31"	"30"	"GARD"	2.12	25.51	24.86	13.33	1.01	0.47	1.46	6.91	0.23	24.11
"32"	"31"	"HAUTE GARONNE"	3.04	15.31	22.84	13.38	1.11	0.41	1.53	9.32	0.25	32.83
"33"	"32"	"GERS"	2.25	15.9	24.14	12.06	1.23	0.54	1.82	9.95	0.25	31.86
"34"	"33"	"GIRONDE"	2.43	15.61	24.84	11.74	1.66	0.45	1.6	9.68	0.23	31.75
"35"	"34"	"HERAULT"	2.52	22.28	25.31	13.27	1.03	0.4	1.4	6.86	0.23	26.69
"36"	"35"	"ILLE ET VILAINE"	3.17	12.39	26.02	10.35	1.22	0.67	1.83	12.35	0.24	31.77
"37"	"36"	"INDRE"	1.45	19.55	24.16	11.26	1.43	0.86	2.17	8.98	0.28	29.87
"38"	"37"	"INDRE ET LOIRE"	2.23	15.98	28.24	10.93	1.28	0.68	2.01	10.27	0.27	28.1
"39"	"38"	"ISERE"	3.03	18.97	24.96	12.4	1.03	0.52	1.9	9.1	0.26	27.84
"40"	"39"	"JURA"	2.4	20.41	25.83	12.55	1.32	0.7	2.29	9.62	0.28	24.6
"41"	"40"	"LANDES"	1.83	14.1	24.56	12.51	1.48	0.48	1.64	10.43	0.21	32.75
"42"	"41"	"LOIR ET CHER"	1.73	20.88	28.35	9.85	1.31	0.7	2.14	9.76	0.26	25.01
"43"	"42"	"LOIRE"	1.96	21.55	25.07	11.18	1.08	0.61	2.11	9.75	0.23	26.46
"44"	"43"	"HAUTE LOIRE"	2.1	20.4	24.42	11.17	1.33	0.74	2.08	11.17	0.22	26.36
"45"	"44"	"LOIRE ATLANTIQUE"	3.15	12.18	26.07	11.65	1.25	0.58	1.84	11.3	0.23	31.76
"46"	"45"	"LOIRET"	1.89	20.58	29.31	9.53	1.01	0.56	2.11	9.31	0.25	25.45
"47"	"46"	"LOT"	2.67	13.48	21.43	14.38	1.45	0.55	1.94	9.33	0.26	34.51
"48"	"47"	"LOT ET GARONNE"	1.92	21.41	25.32	11.69	1.37	0.5	1.79	8.85	0.23	26.91
"49"	"48"	"LOZERE"	2.61	17.3	27.77	12.41	1.29	0.53	1.69	11.01	0.24	25.15
"50"	"49"	"MAINE ET LOIRE"	2.36	13.88	29.93	9.35	1.39	0.75	2.21	12.77	0.26	27.1
"51"	"50"	"MANCHE"	1.83	16.64	28.82	9.85	1.35	0.72	2.27	11.2	0.29	27.04
"52"	"51"	"MARNE"	1.51	22.44	29.87	8.52	1.19	0.66	2.03	9.5	0.24	24.05
"53"	"52"	"HAUTE MARNE"	1.38	25.26	27.99	8.89	1.33	0.79	2.41	7.97	0.24	23.75
"54"	"53"	"MAYENNE"	2.12	14.77	30.69	8.3	1.31	0.78	2.14	13.78	0.23	25.87
"55"	"54"	"MEURTHE ET MOSELLE"	1.81	21.17	24.21	12.07	1.28	0.66	1.91	8.69	0.28	27.92
"56"	"55"	"MEUSE"	1.6	25.82	26.56	8.85	1.5	0.7	2.04	9.23	0.31	23.4
"57"	"56"	"MORBIHAN"	2.81	15.55	28.15	10.24	1.37	0.61	1.85	10.85	0.27	28.29
"58"	"57"	"MOSELLE"	1.73	24.73	25.93	9.52	1.39	0.76	1.86	9.29	0.27	24.53
"59"	"58"	"NIEVRE"	1.64	19.58	22.51	11.95	1.28	0.72	1.96	7.46	0.26	32.64
"60"	"59"	"NORD"	1.75	21.91	24.7	12.62	1.1	0.7	1.54	7.48	0.23	27.97
"61"	"60"	"OISE"	1.51	25.08	26.59	10.11	1.22	0.78	1.95	7.61	0.25	24.9
"62"	"61"	"ORNE"	1.79	20	29.64	8.92	1.45	0.74	2.4	10.55	0.24	24.26
"63"	"62"	"PAS DE CALAIS"	1.21	25.53	21.86	11.54	1.29	0.85	1.66	6.4	0.21	29.44
"64"	"63"	"PUY DE DOME"	2.04	15.58	21.42	13.99	1.24	0.64	1.77	9.95	0.27	33.09
"65"	"64"	"PYRENEES ATLANTIQUES"	2.88	12.15	23.62	11.88	1.73	0.46	1.46	15.67	0.22	29.93
"66"	"65"	"HAUTES PYRENEES"	2.08	14.91	20.39	15.16	1.36	0.54	1.64	10.55	0.21	33.16
"67"	"66"	"PYRENEES ORIENTALES"	2.11	24.23	25.31	12.77	1.24	0.49	1.38	6.29	0.22	25.96
"68"	"67"	"BAS RHIN"	2.76	21.21	33.62	7.22	1.02	0.64	1.73	11.94	0.28	19.58
"69"	"68"	"HAUT RHIN"	2.71	23.43	31.91	7.42	1.19	0.64	2.1	11.39	0.33	18.89
"70"	"69"	"RHONE"	2.9	15.09	30.77	10.74	0.84	0.48	1.72	10.3	0.26	26.91
"71"	"70"	"HAUTE SAONE"	1.58	25.12	25.23	9.64	1.36	0.77	2.03	7.61	0.28	26.38
"72"	"71"	"SAONE ET LOIRE"	1.67	20.03	26.01	10.64	1.22	0.63	2.03	8.83	0.25	28.69
"73"	"72"	"SARTHE"	1.89	19.17	26.43	10.78	1.34	0.75	2.15	9.14	0.23	28.13
"74"	"73"	"SAVOIE"	3.42	18.92	28.61	11.47	1.19	0.5	2.11	9.89	0.27	23.64
"75"	"74"	"HAUTE SAVOIE"	3.59	16.56	34.06	9.23	1.12	0.45	2.32	11.83	0.31	20.52
"76"	"75"	"PARIS"	4.18	6.2	32.19	11.09	0.67	0.27	1	9.34	0.23	34.83
"77"	"76"	"SEINE MARITIME"	1.63	18.9	25.02	13.2	1.28	0.71	1.79	7.83	0.24	29.4
"78"	"77"	"SEINE ET MARNE"	1.96	19.65	27.27	11.01	1.02	0.46	2.18	8.55	0.26	27.65
"79"	"78"	"YVELINES"	2.5	12.44	34.24	9.11	0.8	0.35	1.73	11.24	0.28	27.32
"80"	"79"	"DEUX SEVRES"	2.02	13.57	25.01	10.24	1.6	0.73	2.23	11	0.26	33.34
"81"	"80"	"SOMME"	1.22	23.77	23.9	11	1.28	0.89	2.02	7.31	0.22	28.37
"82"	"81"	"TARN"	2.14	18.93	23.28	12.17	1.25	0.51	1.63	9.18	0.23	30.69
"83"	"82"	"TARN ET GARONNE"	1.97	22.1	25.14	11.19	1.21	0.48	1.76	8.28	0.25	27.63
"84"	"83"	"VAR"	1.89	24.83	34.83	9.08	0.87	0.35	1.63	6.66	0.21	19.65
"85"	"84"	"VAUCLUSE"	2.26	27.03	27.45	11.15	0.95	0.39	1.5	6.73	0.21	22.33
"86"	"85"	"VENDEE"	1.88	15.18	32.89	8.46	1.45	0.63	2.33	12.13	0.24	24.81
"87"	"86"	"VIENNE"	2.17	16.41	24.5	11	1.35	0.71	2.05	9.59	0.23	31.99
"88"	"87"	"HAUTE VIENNE"	1.8	16.44	19.83	14.36	1.21	0.66	1.67	7.89	0.24	35.9
"89"	"88"	"VOSGES"	1.76	24.18	25.32	9.68	1.56	0.75	2.38	9.4	0.29	24.68
"90"	"89"	"YONNE"	1.76	23.68	27.62	10.05	1.27	0.68	2.22	8.47	0.25	24
"91"	"90"	"TERRITOIRE DE BELFORT"	2.02	23.74	23.88	11.41	1.32	0.7	1.79	8.85	0.29	26.01
"92"	"91"	"ESSONNE"	2.35	15.2	25.46	12.26	0.94	0.41	3.41	9.33	0.24	30.39
"93"	"92"	"HAUTS DE SEINE"	2.74	8.51	34.97	10.35	0.69	0.3	1.34	10.69	0.26	30.16
"94"	"93"	"SEINE SAINT-DENIS"	2.21	13.55	19.48	16.99	0.92	0.51	1.31	6.12	0.24	38.68
"95"	"94"	"VAL DE MARNE"	2.63	11.86	26.57	14	0.84	0.38	1.66	8.86	0.26	32.93
"96"	"95"	"VAL DOISE"	2.05	15.6	26.25	11.95	0.96	0.44	1.7	8.39	0.25	32.41
